talks
色んなところをクリックしてみよう！
浮気の証拠といえばなんだろう？
浮気相手がわかるものがあれば…
